4470
44734170
44734171
44734172
44734173
44734174
44734175
44734176
44734177
44734178
44734179
44738079
447380794
447406
4474069
4474171
4474172
4474179
4474181
4474182
4474184
44741840
44741841
44741842
44741843
44741844
44741845
44741846
44741847
44741848
44741849
4474185
447441
4474520
4474521
4474522
44745223
44745224
44745225
44745226
44745227
44745228
44745229
4474523
44745230
44745231
44745232
44745233
44745234
44745235
44745236
44745237
44745238
44745239
4474524
4474525
4474526
4474572
4474574
4474576
4474577
4474581
4474585
4474888
447509
4475090
4475091
4475092
4475093
4475094
4475095
4475096
4475097
4475201
4475203
4475205
4475208
4475209
4475370
4475372
4475373
4475375
4475376
4475580
4475581
4475582
4475593
4475595
4475596
4475597
4475710
4475890
4475898
4476006
447624
4476240
4476241
4476242
4476243
4476244
4476245
4476246
4476247
4476248
4476249
4476400
4476401
4476444
4476446
447653
447654
447655
447656
447657
447658
44766
4476693
44767
44768
44769
447699
4477001
4477003
4477007
4477008
4477234
4477235
447777777777
447781
4477810
4477811
4477812
4477813
4477814
4477815
4477816
4477817
4477818
4477819
447797
4477979
447822
447829
4478297
4478298
4478299
4478360
4478391
4478392
4478397
4478398
4478671
4478727
4478922
4478931
4478933
447911
4479110
4479111
4479112
4479117
447924
4479242
4479243
4479244
4479246
4479247
4479248
4479249
447937
4479370
4479371
4479372
4479373
4479374
4479375
4479376
4479377
4479378
4479379
447978
4479785
4479787
