070
0734170
0734171
0734172
0734173
0734174
0734175
0734176
0734177
0734178
0734179
0738079
07380794
07406
074069
074171
074172
074179
074181
074182
074184
0741840
0741841
0741842
0741843
0741844
0741845
0741846
0741847
0741848
0741849
074185
07441
074520
074521
074522
0745223
0745224
0745225
0745226
0745227
0745228
0745229
074523
0745230
0745231
0745232
0745233
0745234
0745235
0745236
0745237
0745238
0745239
074524
074525
074526
074572
074574
074576
074577
074581
074585
074888
07509
075090
075091
075092
075093
075094
075095
075096
075097
075201
075203
075205
075208
075209
075370
075372
075373
075375
075376
075580
075581
075582
075593
075595
075596
075597
075710
075890
075898
076006
07624
076240
076241
076242
076243
076244
076245
076246
076247
076248
076249
076400
076401
076444
076446
07653
07654
07655
07656
07657
07658
0766
076693
0767
0768
0769
07699
077001
077003
077007
077008
077234
077235
07777777777
07781
077810
077811
077812
077813
077814
077815
077816
077817
077818
077819
07797
077979
07822
07829
078297
078298
078299
078360
078391
078392
078397
078398
078671
078727
078922
078931
078933
07911
079110
079111
079112
079117
07924
079242
079243
079244
079246
079247
079248
079249
07937
079370
079371
079372
079373
079374
079375
079376
079377
079378
079379
07978
079785
079787
31970102
337571
467312
